mv = 1200;
Jw = 0.01;
rw = 0.28;
v0 = 28;
vmin = 1.4;
g = 9.81;
K = 1000;
T = 0.01;
Tbmax = 2000;
eps = 2.2204e-16;
ON =1;
roadType = 1;