mc = 250;
mw = 30;
cc = 15000;
cw = 200000;
dc = 200;
dw = 10;