m1=1225;
m2=1400;
m3=1400;
k1=1000;
k2=2000;
c1=500;
c2=700;
A=[[k1+k2,-k2];[-k2,k2]];
B=[1 0]';
E=diag([m1,m2]);
F=[[c1+c2,-c2];[-c2,c2]];

